[-1,7,0,0,2,0,3,5,1,0,0,0,1,0,0,0,0,0,0,0,0,0,0,0,0,5,0,0,0,0,3,0,0,0,0,0,0,0,1,2,1,1,0,0,0,7,62,0,6,0,0,0,0,0,2,2,2,0,0,0,0,1,0,1,0,1,0,1,4,0,0,0,0,0,0,0,12,1,4,1,0,0,0,2,2,0,0,0,0,0,0,3,1,2,0,14,6,0,6,3,2,0,0,0,0,0,2,1,0,2,0,0,1,9,5,0,0,0,1,0,0,0,10,0]
[7,-1,0,0,2,0,4,5,0,0,0,0,0,0,0,0,0,0,0,0,0,0,0,0,0,1,0,0,0,0,14,0,12,0,1,0,0,0,1,0,0,0,0,0,0,0,61,0,6,0,0,0,0,0,0,1,0,0,3,0,0,0,0,1,0,0,0,0,1,0,0,0,0,0,0,0,16,0,0,0,0,0,0,0,16,0,8,0,0,0,0,3,0,0,0,8,4,0,0,0,0,0,0,1,0,0,1,0,0,31,0,0,0,19,5,1,0,0,0,0,0,0,5,0]
[0,0,-1,0,6,1,0,0,0,0,0,2,0,1,0,0,0,0,0,0,0,0,0,1,0,3,0,0,0,0,0,0,0,4,0,0,0,0,0,0,2,3,0,0,0,0,0,1,0,0,12,0,0,0,0,0,1,2,1,1,4,0,0,0,0,0,0,0,0,0,0,0,0,0,0,3,0,0,0,29,1,0,0,2,0,0,0,2,1,0,0,3,7,0,0,0,0,0,6,0,1,1,0,0,0,0,0,1,1,0,0,0,0,0,0,0,0,0,3,2,0,0,5,0]
[0,0,0,-1,0,0,1,0,1,7,5,21,2,2,0,0,0,0,0,1,2,0,3,3,0,0,1,0,0,0,0,0,0,0,2,0,0,0,3,1,0,1,0,0,0,0,6,7,0,0,3,0,0,0,3,0,0,4,6,4,0,1,0,6,0,0,22,1,0,0,3,0,0,1,0,1,0,0,0,23,1,0,0,3,0,0,0,2,2,1,0,0,12,1,0,0,0,1,2,0,0,1,1,5,0,3,1,0,0,0,1,0,3,13,5,1,0,6,2,0,2,0,2,0]
[2,2,6,0,-1,1,2,0,9,0,1,14,1,6,2,0,0,0,0,0,0,0,1,2,0,32,2,0,1,1,0,0,0,8,2,3,7,0,3,2,16,14,0,0,9,64,63,0,5,0,35,0,0,0,11,6,13,3,12,7,5,1,2,5,1,8,2,3,0,0,0,0,0,0,0,69,2,29,10,58,1,45,2,5,2,0,1,9,0,2,17,39,21,0,0,3,0,0,218,5,1,1,0,10,0,2,5,3,3,0,0,12,2,2,4,3,1,0,10,13,0,1,49,6]
[0,0,1,0,1,-1,0,0,2,1,2,8,1,5,0,0,0,0,0,0,0,0,0,0,0,2,6,0,0,0,0,0,0,0,0,0,0,0,3,0,0,0,0,0,1,5,0,1,0,0,0,0,0,0,1,0,1,0,2,22,1,3,1,0,0,0,3,0,1,0,0,0,0,0,0,6,0,0,0,23,1,0,18,7,0,0,0,1,0,0,0,0,2,0,0,0,0,1,16,1,2,1,0,2,0,0,1,0,0,0,0,0,2,2,0,0,0,1,9,1,0,0,3,0]
[3,4,0,1,2,0,-1,1,0,0,0,2,1,2,0,0,0,0,0,0,0,0,0,0,0,5,0,0,0,0,3,0,2,0,0,1,1,0,2,0,2,0,0,0,0,1,60,1,10,0,1,0,0,0,1,0,0,0,8,0,0,0,0,0,0,0,0,0,9,0,0,0,0,0,0,0,10,0,1,5,0,0,0,0,2,0,0,0,0,0,2,17,3,0,0,3,3,0,1,0,0,0,0,1,0,0,2,2,4,1,0,0,0,19,5,0,0,0,0,0,0,0,11,13]
[5,5,0,0,0,0,1,-1,0,0,0,0,0,0,0,0,0,0,0,0,0,0,0,0,0,1,0,0,0,0,3,0,1,0,0,0,0,0,1,0,0,0,0,0,0,0,21,0,0,0,0,0,0,0,0,1,0,0,1,0,0,0,0,1,0,0,0,0,0,0,0,0,0,0,0,0,9,0,0,0,0,0,0,0,2,0,0,0,0,0,0,0,0,0,0,10,3,0,0,0,0,0,0,0,0,0,1,0,0,2,0,0,0,7,4,0,0,0,0,0,0,0,2,0]
[1,0,0,1,9,2,0,0,-1,0,1,10,2,0,0,0,0,0,0,0,0,0,0,0,0,5,2,1,0,0,0,0,0,0,0,2,1,0,6,1,0,0,0,0,0,0,3,0,0,0,1,0,0,0,7,1,2,0,0,6,1,3,1,0,1,7,0,1,2,0,0,0,0,0,0,0,1,0,8,18,0,0,6,2,0,0,0,3,1,2,4,10,3,0,0,0,0,0,6,1,0,0,0,2,0,0,5,2,1,0,0,2,2,5,2,1,0,0,2,0,0,1,14,0]
[0,0,0,7,0,1,0,0,0,-1,1,22,5,0,0,6,19,0,6,0,0,0,2,0,0,4,1,0,0,0,0,0,0,0,0,0,0,0,5,0,0,0,0,0,0,0,3,2,0,0,0,1,4,0,0,0,0,0,14,1,0,1,0,7,1,0,10,1,0,0,16,0,0,12,1,0,0,0,0,0,0,0,1,0,0,0,0,0,0,0,0,0,2,0,0,0,0,0,0,0,0,2,0,19,7,0,4,0,0,0,6,0,2,135,11,1,0,33,0,0,0,0,4,1]
[0,0,0,5,1,2,0,0,1,1,-1,49,2,0,0,0,0,0,0,0,0,0,0,0,0,1,5,4,0,0,0,0,0,0,0,0,0,0,2,2,0,0,0,0,0,1,2,1,0,0,0,3,0,0,0,0,0,3,7,2,1,9,1,2,2,0,20,1,0,0,2,0,0,1,0,0,1,0,0,8,0,0,2,2,0,0,0,1,0,0,1,19,2,1,2,0,0,0,2,0,0,0,0,7,0,0,0,6,5,0,0,0,16,3,5,1,0,0,0,0,0,3,5,0]
[0,0,2,21,14,8,2,0,10,22,49,-1,7,4,2,0,3,0,0,0,0,0,0,9,0,19,24,18,0,1,0,0,0,1,4,0,0,0,14,8,0,2,0,0,0,7,23,8,1,0,1,14,1,0,10,1,2,16,30,42,2,13,5,22,15,1,89,1,40,0,16,0,0,11,0,2,6,1,1,155,0,0,19,6,0,0,0,4,0,3,12,110,42,2,10,0,0,0,18,1,2,1,0,71,0,4,11,6,18,0,0,0,47,8,22,5,0,19,18,2,0,10,55,2]
[1,0,0,2,1,1,1,0,2,5,2,7,-1,2,1,0,2,0,0,0,0,0,0,0,0,1,1,3,0,0,1,0,1,0,0,0,0,0,1,0,1,1,0,0,0,1,2,1,0,0,0,0,0,0,1,0,0,0,5,2,1,2,1,2,3,0,1,5,0,0,4,0,0,2,4,0,0,0,0,0,1,0,2,2,1,0,0,1,0,0,2,5,3,0,0,1,0,0,3,0,0,0,0,8,0,0,2,0,1,0,0,0,2,36,3,2,0,2,2,0,0,2,8,1]
[0,0,1,2,6,5,2,0,0,0,0,4,2,-1,6,0,0,0,0,1,0,0,0,1,0,6,1,0,0,1,0,0,0,1,0,0,0,0,11,4,0,0,0,0,6,24,9,4,0,0,1,0,0,0,8,3,5,6,7,10,0,2,4,10,0,2,3,1,1,0,0,0,0,4,0,5,0,4,0,66,4,0,3,12,0,0,0,9,1,1,0,5,46,4,0,0,0,4,33,8,8,2,0,2,0,6,3,1,1,0,0,7,0,25,3,1,0,0,19,2,1,0,9,0]
[0,0,0,0,2,0,0,0,0,0,0,2,1,6,-1,0,0,0,0,0,0,0,0,0,0,5,0,0,0,0,0,0,0,0,0,0,0,0,1,3,0,0,0,0,1,7,1,2,0,0,3,2,0,0,1,0,1,1,3,4,0,1,2,1,0,1,0,1,0,0,0,0,0,1,0,1,0,1,0,22,2,0,0,3,0,0,0,4,0,0,0,1,15,0,0,0,0,2,7,7,1,0,0,0,0,2,1,0,0,0,0,0,1,0,0,1,0,0,1,0,1,0,3,0]
[0,0,0,0,0,0,0,0,0,6,0,0,0,0,0,-1,0,0,6,0,0,0,0,0,0,0,0,0,0,1,0,0,0,0,0,0,0,0,0,0,0,0,0,0,0,0,0,0,0,0,0,1,1,0,0,0,0,0,4,0,0,0,0,4,0,0,0,0,0,0,0,0,0,5,0,0,0,0,0,0,0,0,0,0,0,0,0,0,0,0,0,0,0,0,0,0,0,0,0,0,0,1,0,0,7,0,0,0,0,0,7,0,0,15,1,0,0,0,0,0,0,0,0,0]
[0,0,0,0,0,0,0,0,0,19,0,3,2,0,0,0,-1,0,0,0,0,0,1,0,0,1,0,0,0,0,0,0,0,0,0,0,0,0,2,0,0,0,0,0,0,0,1,1,0,0,0,0,0,0,0,0,0,0,1,0,0,0,0,0,0,0,1,0,0,0,3,0,0,0,0,0,0,0,0,0,0,0,0,0,0,0,0,0,0,0,0,0,0,0,0,0,0,0,0,0,0,0,0,6,0,0,2,0,0,0,0,0,0,18,1,0,0,0,0,0,0,0,1,0]
[0,0,0,0,0,0,0,0,0,0,0,0,0,0,0,0,0,-1,0,4,21,1,9,0,10,0,0,0,0,0,0,9,0,0,0,0,0,1,0,0,0,0,3,0,0,0,0,0,0,0,0,0,0,12,2,0,4,2,0,0,0,0,0,0,0,0,0,0,0,2,0,4,4,0,0,0,0,0,0,0,0,0,0,0,0,9,0,0,1,0,0,0,0,0,0,0,0,0,0,2,0,0,5,0,0,0,0,0,0,0,0,0,0,0,0,0,1,0,0,0,2,0,0,0]
[0,0,0,0,0,0,0,0,0,6,0,0,0,0,0,6,0,0,-1,0,0,0,0,0,0,0,0,0,0,0,0,0,0,0,0,0,0,0,0,0,0,0,0,0,0,0,0,0,0,0,0,0,2,0,0,0,0,0,4,0,0,0,0,3,0,0,0,0,0,0,0,0,0,6,0,0,0,0,0,0,0,0,0,0,0,0,0,0,0,0,0,0,0,0,0,0,0,0,0,0,0,0,0,0,7,0,0,0,0,0,4,0,0,16,1,0,0,0,0,0,0,0,0,0]
[0,0,0,1,0,0,0,0,0,0,0,0,0,1,0,0,0,4,0,-1,25,2,22,6,13,0,0,0,0,0,0,3,0,0,1,0,0,15,0,0,0,0,1,0,0,0,0,0,0,2,0,0,1,12,7,2,3,3,1,2,0,0,0,1,0,0,0,0,0,5,0,2,2,0,0,0,2,0,0,9,0,0,1,2,0,2,0,0,1,0,0,0,5,0,0,0,0,0,0,4,0,0,9,0,0,0,0,0,0,0,0,0,0,0,0,0,6,0,8,0,20,0,0,0]
[0,0,0,2,0,0,0,0,0,0,0,0,0,0,0,0,0,21,0,25,-1,55,165,11,102,2,0,0,0,0,0,23,0,0,2,0,0,36,0,0,0,0,48,33,0,0,0,0,0,21,0,0,0,122,5,0,2,4,4,0,0,0,0,2,0,0,0,0,0,32,0,64,64,1,0,0,20,0,0,0,0,0,0,0,0,36,0,0,8,0,0,0,2,2,0,0,0,0,0,0,0,0,165,0,0,2,0,0,0,0,0,0,0,0,0,2,35,0,0,0,116,0,0,0]
[0,0,0,0,0,0,0,0,0,0,0,0,0,0,0,0,0,1,0,2,55,-1,18,0,16,0,0,0,0,0,0,0,0,0,0,0,0,2,0,0,0,0,24,2,0,0,0,0,0,3,0,0,0,9,1,0,0,0,0,0,0,0,0,0,0,0,0,0,0,3,0,6,6,0,0,0,2,0,0,0,0,0,0,0,0,3,0,0,0,0,0,0,0,0,0,0,0,0,0,0,0,0,11,0,0,0,0,0,0,0,0,0,0,0,0,0,3,0,0,0,10,0,0,0]
[0,0,0,3,1,0,0,0,0,2,0,0,0,0,0,0,1,9,0,22,165,18,-1,3,32,2,0,0,0,0,0,7,0,0,1,0,0,20,0,0,0,0,20,9,0,0,3,1,0,10,0,0,0,51,5,1,2,1,0,1,0,0,0,1,0,0,0,0,0,15,0,9,9,1,0,0,10,0,0,11,0,0,0,0,0,6,0,1,1,0,0,0,5,1,0,0,0,0,1,1,0,0,64,0,0,2,1,0,0,0,0,0,0,6,0,1,15,0,2,0,52,0,1,0]
[0,0,1,3,2,0,0,0,0,0,0,9,0,1,0,0,0,0,0,6,11,0,3,-1,1,2,0,0,0,0,0,0,0,1,2,0,0,3,1,0,0,0,0,0,0,1,4,3,0,1,2,0,2,2,1,2,0,2,2,2,0,0,6,3,0,0,1,0,0,1,0,0,0,0,0,0,0,0,0,11,0,0,0,2,0,0,0,4,2,2,1,3,6,0,1,0,0,0,1,2,0,1,1,1,0,9,1,1,0,0,0,0,0,4,0,1,0,0,5,0,10,0,3,0]
[0,0,0,0,0,0,0,0,0,0,0,0,0,0,0,0,0,10,0,13,102,16,32,1,-1,0,0,0,0,0,0,8,0,0,0,0,0,8,0,0,0,0,9,9,0,0,0,0,0,4,0,0,0,30,4,0,3,2,0,0,0,0,0,0,0,0,0,0,0,6,0,14,14,0,0,0,2,0,0,0,0,0,0,0,0,10,0,0,1,0,0,0,0,1,0,0,0,0,0,2,0,0,20,0,0,0,0,0,0,0,0,0,0,0,0,0,9,0,0,0,16,0,0,0]
[5,1,3,0,32,2,5,1,5,4,1,19,1,6,5,0,1,0,0,0,2,0,2,2,0,-1,1,2,1,4,0,0,0,3,2,2,2,0,12,3,3,1,0,0,1,17,33,6,3,0,10,3,0,0,14,6,7,2,10,19,6,1,5,7,0,6,0,0,6,0,0,0,0,0,0,11,12,0,2,90,2,1,5,21,2,0,0,6,1,2,5,30,42,4,0,2,1,2,37,13,1,3,1,2,0,4,5,3,7,1,0,1,2,21,4,5,0,0,25,4,2,0,35,2]
[0,0,0,1,2,6,0,0,2,1,5,24,1,1,0,0,0,0,0,0,0,0,0,0,0,1,-1,5,0,2,0,0,0,0,1,0,0,0,3,1,0,0,0,0,0,1,0,1,0,0,0,3,4,0,0,0,0,5,6,3,1,13,1,7,1,0,7,1,0,0,1,0,0,0,0,0,2,0,0,9,0,0,6,2,0,0,0,4,0,0,1,11,2,0,2,0,0,0,3,0,0,2,0,5,0,0,2,1,5,0,0,0,16,1,0,4,0,1,0,0,0,2,5,0]
[0,0,0,0,0,0,0,0,1,0,4,18,3,0,0,0,0,0,0,0,0,0,0,0,0,2,5,-1,0,0,0,0,0,0,1,3,0,0,1,1,0,0,0,0,0,0,0,0,0,0,0,9,1,0,1,0,0,4,2,0,0,1,0,4,0,0,1,0,1,0,0,0,0,0,0,0,3,0,0,5,0,0,0,0,0,0,0,2,0,0,1,29,0,0,5,0,0,0,0,0,0,0,0,1,0,1,1,2,4,0,0,0,3,0,0,2,0,0,0,0,0,1,5,0]
[0,0,0,0,1,0,0,0,0,0,0,0,0,0,0,0,0,0,0,0,0,0,0,0,0,1,0,0,-1,4,0,0,0,0,1,1,0,0,0,1,1,0,0,0,0,0,0,0,0,0,0,0,0,0,0,0,1,1,0,1,8,0,0,2,0,0,0,0,0,0,0,0,0,0,0,1,0,0,0,7,2,0,1,0,0,0,0,2,0,2,0,0,0,1,0,0,0,1,10,1,0,9,0,0,0,0,0,0,0,0,0,0,0,0,0,0,0,0,0,0,0,0,1,0]
[0,0,0,0,1,0,0,0,0,0,0,1,0,1,0,1,0,0,0,0,0,0,0,0,0,4,2,0,4,-1,0,0,0,0,1,1,0,0,1,3,2,1,0,0,0,1,0,0,0,0,1,2,0,0,2,1,1,1,3,1,5,2,0,7,1,0,0,0,0,0,0,0,0,1,0,2,0,0,0,10,0,0,0,0,0,0,0,1,0,0,0,1,3,1,0,0,0,0,8,0,0,12,0,0,2,0,0,0,0,0,1,0,0,3,0,1,0,0,0,0,0,1,3,0]
[3,14,0,0,0,0,3,3,0,0,0,0,1,0,0,0,0,0,0,0,0,0,0,0,0,0,0,0,0,0,-1,0,11,0,0,0,0,0,0,0,0,0,0,0,0,0,52,0,1,0,0,0,0,0,0,0,0,0,2,0,0,0,0,0,0,0,0,0,0,0,0,0,0,0,0,0,5,0,0,0,0,0,0,0,28,0,7,0,0,0,1,5,0,0,0,14,4,0,0,0,0,0,0,0,0,0,1,0,0,9,0,0,0,2,4,0,0,0,0,0,0,0,2,2]
[0,0,0,0,0,0,0,0,0,0,0,0,0,0,0,0,0,9,0,3,23,0,7,0,8,0,0,0,0,0,0,-1,0,0,0,0,0,1,0,0,0,0,2,0,0,0,0,0,0,0,0,0,0,9,1,0,2,1,0,0,0,0,0,0,0,0,0,0,0,2,0,8,8,1,0,0,1,0,0,0,0,0,0,0,0,15,0,0,0,0,0,0,0,0,0,0,0,0,0,1,0,0,4,0,0,0,0,0,0,0,0,0,0,0,0,0,1,0,0,0,2,0,0,0]
[0,12,0,0,0,0,2,1,0,0,0,0,1,0,0,0,0,0,0,0,0,0,0,0,0,0,0,0,0,0,11,0,-1,0,1,0,0,0,0,0,0,0,0,0,0,0,40,0,5,0,0,0,0,0,0,0,0,0,0,0,0,0,0,0,0,0,0,0,0,0,0,0,0,0,0,0,2,0,0,0,0,0,0,0,15,0,11,0,0,0,1,1,0,0,0,7,5,0,0,0,0,0,0,3,0,0,1,0,0,9,0,0,0,1,0,0,0,0,0,0,0,0,1,0]
[0,0,4,0,8,0,0,0,0,0,0,1,0,1,0,0,0,0,0,0,0,0,0,1,0,3,0,0,0,0,0,0,0,-1,0,0,3,0,0,0,2,4,0,0,0,0,2,0,0,0,6,0,0,0,0,0,1,0,0,0,2,0,0,0,0,0,0,0,2,0,0,0,0,0,0,4,0,0,1,6,0,0,0,0,0,0,0,1,0,0,2,3,1,0,0,0,0,0,5,0,0,1,0,1,0,0,0,0,1,0,0,0,0,0,0,0,0,0,1,3,0,0,4,0]
[0,1,0,2,2,0,0,0,0,0,0,4,0,0,0,0,0,0,0,1,2,0,1,2,0,2,1,1,1,1,0,0,1,0,-1,0,0,0,3,2,2,1,0,0,0,0,6,0,2,0,1,0,7,0,3,0,2,3,1,1,6,0,2,3,1,0,1,1,0,0,0,0,0,0,0,1,3,0,0,5,0,0,0,0,1,0,0,5,1,1,0,5,3,1,2,3,2,0,5,0,0,2,0,0,0,4,3,0,0,1,0,0,1,1,1,0,0,0,1,0,2,1,3,0]
[0,0,0,0,3,0,1,0,2,0,0,0,0,0,0,0,0,0,0,0,0,0,0,0,0,2,0,3,1,1,0,0,0,0,0,-1,1,0,0,2,0,0,0,0,0,0,4,0,1,0,0,4,0,0,0,4,1,0,1,0,0,0,0,1,0,0,0,0,18,0,0,0,0,0,0,1,0,0,19,1,0,0,0,0,0,0,0,0,0,0,1,29,0,1,0,0,0,0,5,1,1,2,0,4,0,0,4,0,6,0,0,1,0,0,2,0,0,0,0,0,0,0,17,1]
[0,0,0,0,7,0,1,0,1,0,0,0,0,0,0,0,0,0,0,0,0,0,0,0,0,2,0,0,0,0,0,0,0,3,0,1,-1,0,0,0,0,1,0,0,0,0,6,0,0,0,5,0,0,0,0,0,0,0,0,0,0,0,0,0,0,0,0,0,4,0,0,0,0,0,0,0,1,0,3,0,0,0,0,0,0,0,0,0,0,0,3,8,0,0,0,0,0,0,4,0,0,0,0,3,0,0,0,1,2,0,0,0,0,0,0,0,0,0,0,2,0,0,4,0]
[0,0,0,0,0,0,0,0,0,0,0,0,0,0,0,0,0,1,0,15,36,2,20,3,8,0,0,0,0,0,0,1,0,0,0,0,0,-1,0,0,0,0,3,0,0,0,0,0,0,2,0,0,0,15,2,0,0,1,1,0,0,0,0,0,0,0,0,0,0,18,0,0,0,0,0,0,3,0,0,0,0,0,0,0,0,1,0,0,1,0,0,0,0,0,0,0,0,0,0,0,0,0,15,0,0,0,0,0,0,0,0,0,0,0,0,0,5,0,0,0,25,0,0,0]
[1,1,0,3,3,3,2,1,6,5,2,14,1,11,1,0,2,0,0,0,0,0,0,1,0,12,3,1,0,1,0,0,0,0,3,0,0,0,-1,8,2,0,0,0,0,10,4,2,0,0,1,1,12,0,3,1,4,10,12,13,4,0,1,20,1,0,4,2,0,0,0,0,0,4,0,3,4,2,1,34,6,0,3,2,0,0,0,3,0,3,0,9,23,0,2,0,0,7,11,1,1,3,0,2,0,5,8,1,2,1,0,5,4,61,4,2,0,1,2,1,0,2,7,0]
[2,0,0,1,2,0,0,0,1,0,2,8,0,4,3,0,0,0,0,0,0,0,0,0,0,3,1,1,1,3,0,0,0,0,2,2,0,0,8,-1,2,0,0,0,1,7,3,0,0,0,1,0,0,0,4,2,7,11,11,4,2,1,0,2,1,0,2,0,0,0,0,0,0,0,0,1,0,1,2,11,1,0,0,1,0,0,0,5,0,1,0,8,7,2,0,0,0,4,8,6,4,2,0,0,0,0,0,1,0,0,0,2,2,2,0,0,0,0,0,0,0,1,6,0]
[1,0,2,0,16,0,2,0,0,0,0,0,1,0,0,0,0,0,0,0,0,0,0,0,0,3,0,0,1,2,0,0,0,2,2,0,0,0,2,2,-1,3,0,0,2,5,2,0,0,0,2,0,0,0,0,1,3,2,1,0,4,1,0,0,2,0,0,1,0,0,0,0,0,0,0,9,0,2,0,0,0,1,0,0,0,0,0,2,0,0,0,0,0,0,0,0,0,0,36,0,0,2,0,0,0,0,0,0,0,0,0,0,1,0,0,0,0,0,1,1,0,2,4,2]
[1,0,3,1,14,0,0,0,0,0,0,2,1,0,0,0,0,0,0,0,0,0,0,0,0,1,0,0,0,1,0,0,0,4,1,0,1,0,0,0,3,-1,0,0,0,0,1,0,0,0,4,0,0,0,0,0,1,0,1,0,1,1,0,0,1,0,1,1,0,0,0,0,0,0,0,8,0,1,0,0,0,0,1,0,0,0,0,1,0,0,1,3,0,0,0,0,0,1,23,0,0,2,0,1,0,0,0,0,0,0,0,0,1,0,0,0,0,0,1,1,0,1,3,0]
[0,0,0,0,0,0,0,0,0,0,0,0,0,0,0,0,0,3,0,1,48,24,20,0,9,0,0,0,0,0,0,2,0,0,0,0,0,3,0,0,0,0,-1,2,0,0,0,0,0,3,0,0,0,10,0,0,2,0,0,0,0,0,0,0,0,0,0,0,0,3,0,7,7,1,0,0,1,0,0,0,0,0,0,0,0,2,0,0,0,0,0,0,0,0,0,0,0,0,0,0,0,0,10,0,0,0,0,0,0,0,0,0,0,0,0,0,4,0,0,0,8,0,0,0]
[0,0,0,0,0,0,0,0,0,0,0,0,0,0,0,0,0,0,0,0,33,2,9,0,9,0,0,0,0,0,0,0,0,0,0,0,0,0,0,0,0,0,2,-1,0,0,0,0,0,4,0,0,0,5,0,0,0,0,0,0,0,0,0,0,0,0,0,0,0,0,0,8,8,0,0,0,1,0,0,0,0,0,0,0,0,1,0,0,1,0,0,0,0,0,0,0,0,0,0,0,0,0,11,0,0,0,0,0,0,0,0,0,0,0,0,0,2,0,0,0,2,0,0,0]
[0,0,0,0,9,1,0,0,0,0,0,0,0,6,1,0,0,0,0,0,0,0,0,0,0,1,0,0,0,0,0,0,0,0,0,0,0,0,0,1,2,0,0,0,-1,16,1,0,0,0,1,0,0,0,2,2,1,1,4,0,0,0,0,0,0,1,0,0,0,0,0,0,0,0,0,2,0,1,0,4,0,1,1,3,0,0,0,0,0,0,0,3,3,1,0,0,0,0,16,2,1,0,0,0,0,0,2,0,0,0,0,0,0,0,0,0,0,0,1,0,0,0,3,0]
[7,0,0,0,64,5,1,0,0,0,1,7,1,24,7,0,0,0,0,0,0,0,0,1,0,17,1,0,0,1,0,0,0,0,0,0,0,0,10,7,5,0,0,0,16,-1,14,1,0,0,3,0,0,0,21,6,15,6,17,16,6,2,7,4,1,0,0,2,0,0,0,0,0,4,0,20,0,8,0,41,2,7,6,19,2,0,0,23,0,4,4,22,25,1,0,0,0,15,172,12,12,0,0,8,0,7,3,1,5,0,0,10,2,15,1,1,0,0,21,1,0,1,18,0]
[62,61,0,6,63,0,60,21,3,3,2,23,2,9,1,0,1,0,0,0,0,0,3,4,0,33,0,0,0,0,52,0,40,2,6,4,6,0,4,3,2,1,0,0,1,14,-1,8,29,2,14,0,0,1,6,3,2,4,31,3,0,1,3,3,0,3,11,0,16,0,0,0,0,1,0,11,100,4,11,46,2,8,0,13,77,0,15,3,0,4,19,91,16,6,0,97,44,0,22,2,0,0,0,13,0,4,13,8,13,30,0,8,2,24,45,1,1,3,3,2,1,0,63,8]
[0,0,1,7,0,1,1,0,0,2,1,8,1,4,2,0,1,0,0,0,0,0,1,3,0,6,1,0,0,0,0,0,0,0,0,0,0,0,2,0,0,0,0,0,0,1,8,-1,0,0,4,0,0,1,4,0,1,1,3,6,1,1,8,4,0,1,8,2,0,0,1,0,0,2,0,0,0,0,0,43,4,0,2,7,0,0,0,2,0,1,0,1,21,2,0,0,0,0,2,0,0,1,0,1,0,7,0,0,0,0,0,1,1,4,1,2,0,0,3,0,1,1,5,0]
[6,6,0,0,5,0,10,0,0,0,0,1,0,0,0,0,0,0,0,0,0,0,0,0,0,3,0,0,0,0,1,0,5,0,2,1,0,0,0,0,0,0,0,0,0,0,29,0,-1,0,1,0,0,0,1,0,0,0,1,0,0,0,0,0,0,0,0,0,4,0,0,0,0,0,0,0,4,0,0,2,0,0,0,0,5,0,1,0,0,0,0,12,1,0,0,5,6,0,0,0,0,0,0,0,0,0,3,0,1,4,0,0,0,34,4,0,0,0,0,0,0,0,8,13]
[0,0,0,0,0,0,0,0,0,0,0,0,0,0,0,0,0,0,0,2,21,3,10,1,4,0,0,0,0,0,0,0,0,0,0,0,0,2,0,0,0,0,3,4,0,0,2,0,0,-1,0,0,0,5,1,0,0,0,0,0,0,0,0,0,0,0,0,0,0,2,0,2,2,0,0,0,4,0,0,0,0,0,0,0,0,3,0,0,0,0,0,0,0,0,0,1,0,0,0,0,0,0,22,0,0,0,1,0,0,0,0,0,0,0,0,0,1,0,0,0,10,0,0,0]
[0,0,12,3,35,0,1,0,1,0,0,1,0,1,3,0,0,0,0,0,0,0,0,2,0,10,0,0,0,1,0,0,0,6,1,0,5,0,1,1,2,4,0,0,1,3,14,4,1,0,-1,0,0,0,2,0,1,3,7,11,5,0,4,2,0,2,0,1,3,0,0,0,0,0,0,4,1,0,2,56,4,1,1,3,0,0,0,7,2,2,4,23,14,0,0,0,0,1,19,2,0,3,0,5,0,2,0,2,5,0,0,1,0,0,2,0,0,0,0,6,0,0,12,1]
[0,0,0,0,0,0,0,0,0,1,3,14,0,0,2,1,0,0,0,0,0,0,0,0,0,3,3,9,0,2,0,0,0,0,0,4,0,0,1,0,0,0,0,0,0,0,0,0,0,0,0,-1,0,0,2,1,0,1,7,0,0,1,0,3,1,0,1,0,7,0,0,0,0,2,0,0,5,0,0,6,0,0,0,0,0,0,0,0,0,0,0,17,0,0,5,0,0,0,0,0,0,1,0,0,4,0,2,1,3,0,2,0,0,8,0,2,0,0,0,0,0,0,5,0]
[0,0,0,0,0,0,0,0,0,4,0,1,0,0,0,1,0,0,2,1,0,0,0,2,0,0,4,1,0,0,0,0,0,0,7,0,0,0,12,0,0,0,0,0,0,0,0,0,0,0,0,0,-1,0,2,0,0,1,1,0,0,0,3,23,0,0,0,0,0,0,0,0,0,2,0,0,1,0,0,1,0,0,0,0,0,0,0,7,0,1,0,7,1,0,4,0,0,0,0,1,0,4,0,0,4,7,4,0,0,0,1,0,4,32,1,5,0,0,4,0,0,1,1,0]
[0,0,0,0,0,0,0,0,0,0,0,0,0,0,0,0,0,12,0,12,122,9,51,2,30,0,0,0,0,0,0,9,0,0,0,0,0,15,0,0,0,0,10,5,0,0,1,1,0,5,0,0,0,-1,4,0,2,1,0,0,0,0,0,0,0,0,0,0,0,14,0,10,10,1,0,0,3,0,0,1,0,0,0,0,0,7,0,1,3,0,0,0,1,0,0,0,0,0,0,1,0,0,42,0,0,0,0,0,0,0,0,0,0,0,0,0,19,0,1,0,36,0,0,0]
[2,0,0,3,11,1,1,0,7,0,0,10,1,8,1,0,0,2,0,7,5,1,5,1,4,14,0,1,0,2,0,1,0,0,3,0,0,2,3,4,0,0,0,0,2,21,6,4,1,1,2,2,2,4,-1,2,6,3,7,7,0,1,7,8,1,2,2,0,0,1,0,0,0,0,0,0,5,2,5,29,1,1,0,8,0,1,0,12,0,1,4,7,18,2,1,0,0,1,18,5,2,0,2,1,0,6,3,2,1,0,0,2,4,5,1,1,0,0,4,1,6,1,15,0]
[2,1,0,0,6,0,0,1,1,0,0,1,0,3,0,0,0,0,0,2,0,0,1,2,0,6,0,0,0,1,0,0,0,0,0,4,0,0,1,2,1,0,0,0,2,6,3,0,0,0,0,1,0,0,2,-1,3,0,2,0,0,0,0,3,1,0,0,1,0,0,0,0,0,0,0,1,2,1,5,8,0,0,1,8,0,0,0,10,0,2,3,4,1,4,0,0,0,0,17,3,1,1,0,1,0,0,1,1,0,1,0,0,0,10,2,2,0,0,6,0,0,0,8,0]
[2,0,1,0,13,1,0,0,2,0,0,2,0,5,1,0,0,4,0,3,2,0,2,0,3,7,0,0,1,1,0,2,0,1,2,1,0,0,4,7,3,1,2,0,1,15,2,1,0,0,1,0,0,2,6,3,-1,4,6,2,4,0,2,0,1,0,0,0,0,0,0,0,0,0,0,5,1,0,4,27,0,0,1,4,0,2,0,2,0,1,0,2,9,0,0,0,0,3,26,18,11,1,0,0,0,0,2,0,0,0,0,0,0,0,0,0,0,0,4,1,0,1,8,0]
[0,0,2,4,3,0,0,0,0,0,3,16,0,6,1,0,0,2,0,3,4,0,1,2,2,2,5,4,1,1,0,1,0,0,3,0,0,1,10,11,2,0,0,0,1,6,4,1,0,0,3,1,1,1,3,0,4,-1,9,3,2,0,3,9,0,0,3,0,0,2,0,0,0,0,0,1,2,0,0,18,1,0,0,1,0,1,0,6,2,1,0,14,10,1,1,0,0,3,9,5,1,1,0,4,0,1,0,1,1,0,0,1,4,1,0,1,0,0,1,0,3,0,7,0]
[0,3,1,6,12,2,8,1,0,14,7,30,5,7,3,4,1,0,4,1,4,0,0,2,0,10,6,2,0,3,2,0,0,0,1,1,0,1,12,11,1,1,0,0,4,17,31,3,1,0,7,7,1,0,7,2,6,9,-1,12,1,0,1,15,2,0,4,1,9,2,6,0,0,7,1,1,3,2,1,40,3,0,1,3,0,0,0,10,2,0,3,21,17,1,2,0,0,6,16,6,3,2,0,9,8,1,4,2,7,2,3,6,4,67,19,4,0,1,4,0,3,2,10,4]
[0,0,1,4,7,22,0,0,6,1,2,42,2,10,4,0,0,0,0,2,0,0,1,2,0,19,3,0,1,1,0,0,0,0,1,0,0,0,13,4,0,0,0,0,0,16,3,6,0,0,11,0,0,0,7,0,2,3,12,-1,6,2,3,4,0,2,4,1,1,0,0,0,0,0,0,0,0,1,0,132,7,1,25,14,0,0,0,29,1,1,1,1,29,0,0,0,0,6,16,10,4,1,0,11,0,9,5,0,1,0,0,3,5,3,4,0,0,1,37,1,0,0,12,0]
[0,0,4,0,5,1,0,0,1,0,1,2,1,0,0,0,0,0,0,0,0,0,0,0,0,6,1,0,8,5,0,0,0,2,6,0,0,0,4,2,4,1,0,0,0,6,0,1,0,0,5,0,0,0,0,0,4,2,1,6,-1,1,3,1,1,1,0,2,0,0,0,0,0,0,0,4,0,0,0,26,1,0,1,4,0,0,0,7,0,0,1,3,6,0,0,0,0,1,25,3,0,15,0,0,0,1,1,0,0,0,0,0,2,0,1,0,0,0,3,2,0,1,1,0]
[1,0,0,1,1,3,0,0,3,1,9,13,2,2,1,0,0,0,0,0,0,0,0,0,0,1,13,1,0,2,0,0,0,0,0,0,0,0,0,1,1,1,0,0,0,2,1,1,0,0,0,1,0,0,1,0,0,0,0,2,1,-1,1,0,1,0,4,2,0,0,0,0,0,0,0,0,1,0,0,4,0,0,3,3,0,0,0,3,0,0,1,4,4,1,0,0,0,0,3,0,0,3,0,3,0,0,0,0,1,0,0,0,7,0,1,3,0,1,1,0,0,1,2,0]
[0,0,0,0,2,1,0,0,1,0,1,5,1,4,2,0,0,0,0,0,0,0,0,6,0,5,1,0,0,0,0,0,0,0,2,0,0,0,1,0,0,0,0,0,0,7,3,8,0,0,4,0,3,0,7,0,2,3,1,3,3,1,-1,9,1,2,2,2,0,0,0,0,0,0,0,0,2,1,0,21,1,0,1,6,0,0,0,12,0,0,1,4,13,0,0,0,0,1,8,4,1,0,0,0,0,10,1,0,0,0,0,1,1,1,1,0,0,0,5,0,0,3,10,0]
[1,1,0,6,5,0,0,1,0,7,2,22,2,10,1,4,0,0,3,1,2,0,1,3,0,7,7,4,2,7,0,0,0,0,3,1,0,0,20,2,0,0,0,0,0,4,3,4,0,0,2,3,23,0,8,3,0,9,15,4,1,0,9,-1,1,1,4,1,0,0,0,0,0,6,0,0,4,1,1,33,2,0,1,6,0,0,0,9,0,4,1,18,18,2,7,0,0,0,3,2,0,10,1,2,4,9,7,3,4,1,5,1,2,69,4,20,0,0,5,1,1,5,13,1]
[0,0,0,0,1,0,0,0,1,1,2,15,3,0,0,0,0,0,0,0,0,0,0,0,0,0,1,0,0,1,0,0,0,0,1,0,0,0,1,1,2,1,0,0,0,1,0,0,0,0,0,1,0,0,1,1,1,0,2,0,1,1,1,1,-1,0,0,1,0,0,0,0,0,0,0,1,0,0,0,0,0,0,0,2,0,0,0,1,0,0,1,7,1,0,2,0,0,0,4,0,0,1,0,2,0,0,1,0,0,0,0,0,1,4,1,0,0,0,0,0,0,5,4,1]
[1,0,0,0,8,0,0,0,7,0,0,1,0,2,1,0,0,0,0,0,0,0,0,0,0,6,0,0,0,0,0,0,0,0,0,0,0,0,0,0,0,0,0,0,1,0,3,1,0,0,2,0,0,0,2,0,0,0,0,2,1,0,2,1,0,-1,0,0,0,0,0,0,0,1,0,1,0,0,2,25,2,0,0,0,0,0,0,2,3,0,1,3,12,0,0,0,0,0,6,0,0,0,0,0,0,0,3,1,0,0,0,0,1,0,0,0,0,0,0,0,1,0,4,0]
[0,0,0,22,2,3,0,0,0,10,20,89,1,3,0,0,1,0,0,0,0,0,0,1,0,0,7,1,0,0,0,0,0,0,1,0,0,0,4,2,0,1,0,0,0,0,11,8,0,0,0,1,0,0,2,0,0,3,4,4,0,4,2,4,0,0,-1,2,0,0,3,0,0,1,2,0,1,0,0,24,0,0,5,2,0,0,0,1,0,0,2,2,18,0,0,0,0,0,2,0,0,0,1,12,0,0,2,0,0,0,0,0,10,16,11,1,0,14,4,0,0,0,5,0]
[1,0,0,1,3,0,0,0,1,1,1,1,5,1,1,0,0,0,0,0,0,0,0,0,0,0,1,0,0,0,0,0,0,0,1,0,0,0,2,0,1,1,0,0,0,2,0,2,0,0,1,0,0,0,0,1,0,0,1,1,2,2,2,1,1,0,2,-1,0,0,1,0,0,0,1,0,0,0,0,3,0,0,0,2,0,0,0,3,0,0,1,2,3,0,0,0,0,0,3,0,0,0,0,0,0,2,1,0,0,0,0,0,2,8,3,0,0,0,1,0,0,1,3,0]
[4,1,0,0,0,1,9,0,2,0,0,40,0,1,0,0,0,0,0,0,0,0,0,0,0,6,0,1,0,0,0,0,0,2,0,18,4,0,0,0,0,0,0,0,0,0,16,0,4,0,3,7,0,0,0,0,0,0,9,1,0,0,0,0,0,0,0,0,-1,0,0,0,0,0,0,0,1,0,14,27,0,0,0,1,0,0,0,0,0,0,13,54,0,0,1,1,0,0,1,0,0,0,0,15,0,0,1,7,13,0,0,2,2,2,0,0,0,0,4,2,0,0,28,4]
[0,0,0,0,0,0,0,0,0,0,0,0,0,0,0,0,0,2,0,5,32,3,15,1,6,0,0,0,0,0,0,2,0,0,0,0,0,18,0,0,0,0,3,0,0,0,0,0,0,2,0,0,0,14,1,0,0,2,2,0,0,0,0,0,0,0,0,0,0,-1,0,0,0,0,0,0,2,0,0,0,0,0,0,0,0,2,0,0,2,0,0,0,0,1,0,0,0,0,0,0,0,0,10,0,0,0,0,0,0,0,0,0,0,0,0,0,3,0,0,0,22,0,0,0]
[0,0,0,3,0,0,0,0,0,16,2,16,4,0,0,0,3,0,0,0,0,0,0,0,0,0,1,0,0,0,0,0,0,0,0,0,0,0,0,0,0,0,0,0,0,0,0,1,0,0,0,0,0,0,0,0,0,0,6,0,0,0,0,0,0,0,3,1,0,0,-1,0,0,4,2,0,0,0,0,0,0,0,0,0,0,0,0,0,0,0,0,0,2,0,0,0,0,0,0,0,0,0,0,18,0,0,2,0,0,0,0,0,3,23,3,0,0,1,0,0,0,0,2,0]
[0,0,0,0,0,0,0,0,0,0,0,0,0,0,0,0,0,4,0,2,64,6,9,0,14,0,0,0,0,0,0,8,0,0,0,0,0,0,0,0,0,0,7,8,0,0,0,0,0,2,0,0,0,10,0,0,0,0,0,0,0,0,0,0,0,0,0,0,0,0,0,-1,54,1,0,0,2,0,0,0,0,0,0,0,0,13,0,0,1,0,0,0,0,0,0,0,0,0,0,0,0,0,17,0,0,0,0,0,0,0,0,0,0,0,0,0,2,0,0,0,0,0,0,0]
[0,0,0,0,0,0,0,0,0,0,0,0,0,0,0,0,0,4,0,2,64,6,9,0,14,0,0,0,0,0,0,8,0,0,0,0,0,0,0,0,0,0,7,8,0,0,0,0,0,2,0,0,0,10,0,0,0,0,0,0,0,0,0,0,0,0,0,0,0,0,0,54,-1,1,0,0,2,0,0,0,0,0,0,0,0,13,0,0,1,0,0,0,0,0,0,0,0,0,0,0,0,0,17,0,0,0,0,0,0,0,0,0,0,0,0,0,2,0,0,0,0,0,0,0]
[0,0,0,1,0,0,0,0,0,12,1,11,2,4,1,5,0,0,6,0,1,0,1,0,0,0,0,0,0,1,0,1,0,0,0,0,0,0,4,0,0,0,1,0,0,4,1,2,0,0,0,2,2,1,0,0,0,0,7,0,0,0,0,6,0,1,1,0,0,0,4,1,1,-1,0,5,0,0,0,3,1,0,0,0,0,1,0,0,0,0,0,0,4,0,1,0,0,0,5,0,0,1,0,3,9,0,2,1,0,0,7,0,2,27,4,0,0,1,0,0,1,0,3,0]
[0,0,0,0,0,0,0,0,0,1,0,0,4,0,0,0,0,0,0,0,0,0,0,0,0,0,0,0,0,0,0,0,0,0,0,0,0,0,0,0,0,0,0,0,0,0,0,0,0,0,0,0,0,0,0,0,0,0,1,0,0,0,0,0,0,0,2,1,0,0,2,0,0,0,-1,0,0,0,0,0,0,0,0,0,0,0,0,0,0,0,0,0,0,0,0,0,0,0,0,0,0,0,0,0,0,0,0,0,0,0,0,0,0,48,4,0,0,7,0,0,0,0,0,0]
[0,0,3,1,69,6,0,0,0,0,0,2,0,5,1,0,0,0,0,0,0,0,0,0,0,11,0,0,1,2,0,0,0,4,1,1,0,0,3,1,9,8,0,0,2,20,11,0,0,0,4,0,0,0,0,1,5,1,1,0,4,0,0,0,1,1,0,0,0,0,0,0,0,5,0,-1,0,11,1,5,0,10,2,2,0,0,0,4,0,0,0,3,2,0,0,0,0,1,97,1,0,4,0,1,0,1,1,1,0,0,0,1,0,0,0,0,0,0,1,2,0,1,9,0]
[12,16,0,0,2,0,10,9,1,0,1,6,0,0,0,0,0,0,0,2,20,2,10,0,2,12,2,3,0,0,5,1,2,0,3,0,1,3,4,0,0,0,1,1,0,0,100,0,4,4,1,5,1,3,5,2,1,2,3,0,0,1,2,4,0,0,1,0,1,2,0,2,2,0,0,0,-1,0,2,4,0,0,0,2,5,7,0,4,0,0,0,12,2,0,1,14,2,0,2,1,0,0,16,1,0,0,3,1,3,7,0,0,0,39,7,2,2,0,3,0,9,0,12,6]
[1,0,0,0,29,0,0,0,0,0,0,1,0,4,1,0,0,0,0,0,0,0,0,0,0,0,0,0,0,0,0,0,0,0,0,0,0,0,2,1,2,1,0,0,1,8,4,0,0,0,0,0,0,0,2,1,0,0,2,1,0,0,1,1,0,0,0,0,0,0,0,0,0,0,0,11,0,-1,0,2,0,5,0,0,0,0,0,2,0,0,1,2,3,1,0,0,0,0,22,1,1,0,0,0,0,1,1,0,0,0,0,10,0,5,0,0,0,0,0,0,0,0,1,0]
[4,0,0,0,10,0,1,0,8,0,0,1,0,0,0,0,0,0,0,0,0,0,0,0,0,2,0,0,0,0,0,0,0,1,0,19,3,0,1,2,0,0,0,0,0,0,11,0,0,0,2,0,0,0,5,5,4,0,1,0,0,0,0,1,0,2,0,0,14,0,0,0,0,0,0,1,2,0,-1,1,0,0,0,2,0,0,0,0,0,0,8,25,0,0,0,0,0,0,6,2,2,0,0,5,0,0,4,1,7,0,0,0,0,0,1,0,0,0,0,2,0,0,13,0]
[1,0,29,23,58,23,5,0,18,0,8,155,0,66,22,0,0,0,0,9,0,0,11,11,0,90,9,5,7,10,0,0,0,6,5,1,0,0,34,11,0,0,0,0,4,41,46,43,2,0,56,6,1,1,29,8,27,18,40,132,26,4,21,33,0,25,24,3,27,0,0,0,0,3,0,5,4,2,1,-1,18,4,25,78,0,0,0,69,10,4,11,44,309,20,1,0,0,8,49,52,9,21,6,11,0,20,25,2,2,0,0,5,10,1,4,12,0,0,107,15,5,1,84,1]
[0,0,1,1,1,1,0,0,0,0,0,0,1,4,2,0,0,0,0,0,0,0,0,0,0,2,0,0,2,0,0,0,0,0,0,0,0,0,6,1,0,0,0,0,0,2,2,4,0,0,4,0,0,0,1,0,0,1,3,7,1,0,1,2,0,2,0,0,0,0,0,0,0,1,0,0,0,0,0,18,-1,0,0,0,0,0,0,2,2,2,0,0,16,0,0,0,0,1,1,1,1,2,0,0,0,1,1,0,0,0,0,0,0,2,1,0,0,0,3,0,0,0,2,0]
[0,0,0,0,45,0,0,0,0,0,0,0,0,0,0,0,0,0,0,0,0,0,0,0,0,1,0,0,0,0,0,0,0,0,0,0,0,0,0,0,1,0,0,0,1,7,8,0,0,0,1,0,0,0,1,0,0,0,0,1,0,0,0,0,0,0,0,0,0,0,0,0,0,0,0,10,0,5,0,4,0,-1,0,0,0,0,0,0,0,0,0,3,2,0,0,0,0,0,33,0,0,0,0,0,0,0,1,0,0,0,0,0,0,0,0,0,0,0,0,0,0,0,2,0]
[0,0,0,0,2,18,0,0,6,1,2,19,2,3,0,0,0,0,0,1,0,0,0,0,0,5,6,0,1,0,0,0,0,0,0,0,0,0,3,0,0,1,0,0,1,6,0,2,0,0,1,0,0,0,0,1,1,0,1,25,1,3,1,1,0,0,5,0,0,0,0,0,0,0,0,2,0,0,0,25,0,0,-1,3,0,0,0,1,0,0,0,1,3,0,0,0,0,1,11,2,3,0,0,3,0,1,1,0,0,0,0,0,2,5,0,1,0,1,9,0,0,0,1,0]
[2,0,2,3,5,7,0,0,2,0,2,6,2,12,3,0,0,0,0,2,0,0,0,2,0,21,2,0,0,0,0,0,0,0,0,0,0,0,2,1,0,0,0,0,3,19,13,7,0,0,3,0,0,0,8,8,4,1,3,14,4,3,6,6,2,0,2,2,1,0,0,0,0,0,0,2,2,0,2,78,0,0,3,-1,0,0,0,13,1,0,2,5,29,0,0,0,1,2,28,15,2,4,0,0,0,3,1,1,1,0,0,0,2,0,1,4,0,0,26,2,0,2,12,0]
[2,16,0,0,2,0,2,2,0,0,0,0,1,0,0,0,0,0,0,0,0,0,0,0,0,2,0,0,0,0,28,0,15,0,1,0,0,0,0,0,0,0,0,0,0,2,77,0,5,0,0,0,0,0,0,0,0,0,0,0,0,0,0,0,0,0,0,0,0,0,0,0,0,0,0,0,5,0,0,0,0,0,0,0,-1,0,8,0,0,0,1,6,0,2,0,21,6,0,0,0,0,0,0,0,0,0,0,0,0,12,0,0,0,1,0,0,0,0,0,0,0,0,8,0]
[0,0,0,0,0,0,0,0,0,0,0,0,0,0,0,0,0,9,0,2,36,3,6,0,10,0,0,0,0,0,0,15,0,0,0,0,0,1,0,0,0,0,2,1,0,0,0,0,0,3,0,0,0,7,1,0,2,1,0,0,0,0,0,0,0,0,0,0,0,2,0,13,13,1,0,0,7,0,0,0,0,0,0,0,0,-1,0,0,0,0,0,0,0,0,0,0,0,0,0,1,0,0,12,0,0,0,0,0,0,0,0,0,0,0,0,0,1,0,0,0,3,0,0,0]
[0,8,0,0,1,0,0,0,0,0,0,0,0,0,0,0,0,0,0,0,0,0,0,0,0,0,0,0,0,0,7,0,11,0,0,0,0,0,0,0,0,0,0,0,0,0,15,0,1,0,0,0,0,0,0,0,0,0,0,0,0,0,0,0,0,0,0,0,0,0,0,0,0,0,0,0,0,0,0,0,0,0,0,0,8,0,-1,0,0,0,0,1,0,0,0,3,3,0,0,0,0,0,0,1,0,0,0,0,0,5,0,0,0,0,0,0,0,0,0,0,0,0,1,0]
[0,0,2,2,9,1,0,0,3,0,1,4,1,9,4,0,0,0,0,0,0,0,1,4,0,6,4,2,2,1,0,0,0,1,5,0,0,0,3,5,2,1,0,0,0,23,3,2,0,0,7,0,7,1,12,10,2,6,10,29,7,3,12,9,1,2,1,3,0,0,0,0,0,0,0,4,4,2,0,69,2,0,1,13,0,0,0,-1,0,1,2,11,36,0,4,0,0,2,20,16,3,0,0,0,0,15,1,1,0,0,0,5,2,6,1,1,1,0,23,2,2,2,5,0]
[0,0,1,2,0,0,0,0,1,0,0,0,0,1,0,0,0,1,0,1,8,0,1,2,1,1,0,0,0,0,0,0,0,0,1,0,0,1,0,0,0,0,0,1,0,0,0,0,0,0,2,0,0,3,0,0,0,2,2,1,0,0,0,0,0,3,0,0,0,2,0,1,1,0,0,0,0,0,0,10,2,0,0,1,0,0,0,0,-1,1,0,0,10,0,0,0,0,0,0,1,0,0,8,0,0,0,0,0,0,0,0,0,0,0,0,0,0,0,1,1,7,0,1,0]
[0,0,0,1,2,0,0,0,2,0,0,3,0,1,0,0,0,0,0,0,0,0,0,2,0,2,0,0,2,0,0,0,0,0,1,0,0,0,3,1,0,0,0,0,0,4,4,1,0,0,2,0,1,0,1,2,1,1,0,1,0,0,0,4,0,0,0,0,0,0,0,0,0,0,0,0,0,0,0,4,2,0,0,0,0,0,0,1,1,-1,1,2,6,2,1,0,0,0,5,2,0,0,0,1,0,2,0,1,0,0,0,0,0,3,1,2,0,0,0,0,0,0,0,1]
[0,0,0,0,17,0,2,0,4,0,1,12,2,0,0,0,0,0,0,0,0,0,0,1,0,5,1,1,0,0,1,0,1,2,0,1,3,0,0,0,0,1,0,0,0,4,19,0,0,0,4,0,0,0,4,3,0,0,3,1,1,1,1,1,1,1,2,1,13,0,0,0,0,0,0,0,0,1,8,11,0,0,0,2,1,0,0,2,0,1,-1,38,3,1,1,1,0,0,15,0,0,0,0,4,0,0,2,1,3,0,0,2,2,2,4,2,0,0,0,2,0,1,12,1]
[3,3,3,0,39,0,17,0,10,0,19,110,5,5,1,0,0,0,0,0,0,0,0,3,0,30,11,29,0,1,5,0,1,3,5,29,8,0,9,8,0,3,0,0,3,22,91,1,12,0,23,17,7,0,7,4,2,14,21,1,3,4,4,18,7,3,2,2,54,0,0,0,0,0,0,3,12,2,25,44,0,3,1,5,6,0,1,11,0,2,38,-1,5,1,15,8,1,0,35,1,1,0,0,25,0,7,21,31,41,3,0,9,14,11,3,10,0,0,2,3,0,6,88,10]
[1,0,7,12,21,2,3,0,3,2,2,42,3,46,15,0,0,0,0,5,2,0,5,6,0,42,2,0,0,3,0,0,0,1,3,0,0,0,23,7,0,0,0,0,3,25,16,21,1,0,14,0,1,1,18,1,9,10,17,29,6,4,13,18,1,12,18,3,0,0,2,0,0,4,0,2,2,3,0,309,16,2,3,29,0,0,0,36,10,6,3,5,-1,10,2,0,0,3,28,27,4,5,4,3,0,16,7,3,1,0,0,5,3,15,5,5,0,3,29,2,1,1,35,3]
[2,0,0,1,0,0,0,0,0,0,1,2,0,4,0,0,0,0,0,0,2,0,1,0,1,4,0,0,1,1,0,0,0,0,1,1,0,0,0,2,0,0,0,0,1,1,6,2,0,0,0,0,0,0,2,4,0,1,1,0,0,1,0,2,0,0,0,0,0,1,0,0,0,0,0,0,0,1,0,20,0,0,0,0,2,0,0,0,0,2,1,1,10,-1,0,0,0,0,0,1,1,2,1,0,0,0,0,0,0,0,0,0,0,5,0,0,1,0,2,0,1,0,2,0]
[0,0,0,0,0,0,0,0,0,0,2,10,0,0,0,0,0,0,0,0,0,0,0,1,0,0,2,5,0,0,0,0,0,0,2,0,0,0,2,0,0,0,0,0,0,0,0,0,0,0,0,5,4,0,1,0,0,1,2,0,0,0,0,7,2,0,0,0,1,0,0,0,0,1,0,0,1,0,0,1,0,0,0,0,0,0,0,4,0,1,1,15,2,0,-1,0,0,0,0,2,0,0,0,0,0,2,1,1,1,0,0,1,1,2,1,4,0,0,1,0,1,2,4,0]
[14,8,0,0,3,0,3,10,0,0,0,0,1,0,0,0,0,0,0,0,0,0,0,0,0,2,0,0,0,0,14,0,7,0,3,0,0,0,0,0,0,0,0,0,0,0,97,0,5,1,0,0,0,0,0,0,0,0,0,0,0,0,0,0,0,0,0,0,1,0,0,0,0,0,0,0,14,0,0,0,0,0,0,0,21,0,3,0,0,0,1,8,0,0,0,-1,12,0,0,0,0,0,0,0,0,0,3,0,0,3,0,0,0,0,0,0,0,0,0,0,0,0,6,0]
[6,4,0,0,0,0,3,3,0,0,0,0,0,0,0,0,0,0,0,0,0,0,0,0,0,1,0,0,0,0,4,0,5,0,2,0,0,0,0,0,0,0,0,0,0,0,44,0,6,0,0,0,0,0,0,0,0,0,0,0,0,0,0,0,0,0,0,0,0,0,0,0,0,0,0,0,2,0,0,0,0,0,0,1,6,0,3,0,0,0,0,1,0,0,0,12,-1,0,0,0,0,0,0,0,0,0,2,0,0,1,0,0,0,1,1,0,0,0,0,0,0,0,2,0]
[0,0,0,1,0,1,0,0,0,0,0,0,0,4,2,0,0,0,0,0,0,0,0,0,0,2,0,0,1,0,0,0,0,0,0,0,0,0,7,4,0,1,0,0,0,15,0,0,0,0,1,0,0,0,1,0,3,3,6,6,1,0,1,0,0,0,0,0,0,0,0,0,0,0,0,1,0,0,0,8,1,0,1,2,0,0,0,2,0,0,0,0,3,0,0,0,0,-1,27,3,2,1,0,1,0,0,0,0,0,0,0,0,0,1,0,0,0,0,1,0,0,0,1,0]
[6,0,6,2,218,16,1,0,6,0,2,18,3,33,7,0,0,0,0,0,0,0,1,1,0,37,3,0,10,8,0,0,0,5,5,5,4,0,11,8,36,23,0,0,16,172,22,2,0,0,19,0,0,0,18,17,26,9,16,16,25,3,8,3,4,6,2,3,1,0,0,0,0,5,0,97,2,22,6,49,1,33,11,28,0,0,0,20,0,5,15,35,28,0,0,0,0,27,-1,13,19,13,0,6,0,10,11,2,0,0,0,3,7,1,2,2,1,0,22,6,0,4,34,1]
[3,0,0,0,5,1,0,0,1,0,0,1,0,8,7,0,0,2,0,4,0,0,1,2,2,13,0,0,1,0,0,1,0,0,0,1,0,0,1,6,0,0,0,0,2,12,2,0,0,0,2,0,1,1,5,3,18,5,6,10,3,0,4,2,0,0,0,0,0,0,0,0,0,0,0,1,1,1,2,52,1,0,2,15,0,1,0,16,1,2,0,1,27,1,2,0,0,3,13,-1,5,0,0,0,0,1,0,0,0,0,0,0,0,0,0,1,0,0,14,2,1,0,5,0]
[2,0,1,0,1,2,0,0,0,0,0,2,0,8,1,0,0,0,0,0,0,0,0,0,0,1,0,0,0,0,0,0,0,0,0,1,0,0,1,4,0,0,0,0,1,12,0,0,0,0,0,0,0,0,2,1,11,1,3,4,0,0,1,0,0,0,0,0,0,0,0,0,0,0,0,0,0,1,2,9,1,0,3,2,0,0,0,3,0,0,0,1,4,1,0,0,0,2,19,5,-1,0,0,0,0,1,0,0,0,0,0,1,0,0,0,0,0,0,1,1,0,0,1,0]
[0,0,1,1,1,1,0,0,0,2,0,1,0,2,0,1,0,0,0,0,0,0,0,1,0,3,2,0,9,12,0,0,0,1,2,2,0,0,3,2,2,2,0,0,0,0,0,1,0,0,3,1,4,0,0,1,1,1,2,1,15,3,0,10,1,0,0,0,0,0,0,0,0,1,0,4,0,0,0,21,2,0,0,4,0,0,0,0,0,0,0,0,5,2,0,0,0,1,13,0,0,-1,0,1,2,0,1,0,0,0,0,0,1,12,0,4,0,0,0,0,0,1,3,0]
[0,0,0,1,0,0,0,0,0,0,0,0,0,0,0,0,0,5,0,9,165,11,64,1,20,1,0,0,0,0,0,4,0,0,0,0,0,15,0,0,0,0,10,11,0,0,0,0,0,22,0,0,0,42,2,0,0,0,0,0,0,0,0,1,0,0,1,0,0,10,0,17,17,0,0,0,16,0,0,6,0,0,0,0,0,12,0,0,8,0,0,0,4,1,0,0,0,0,0,0,0,0,-1,0,0,1,3,0,0,0,0,0,0,0,0,1,17,0,4,0,57,0,0,0]
[0,1,0,5,10,2,1,0,2,19,7,71,8,2,0,0,6,0,0,0,0,0,0,1,0,2,5,1,0,0,0,0,3,1,0,4,3,0,2,0,0,1,0,0,0,8,13,1,0,0,5,0,0,0,1,1,0,4,9,11,0,3,0,2,2,0,12,0,15,0,18,0,0,3,0,1,1,0,5,11,0,0,3,0,0,0,1,0,0,1,4,25,3,0,0,0,0,1,6,0,0,1,0,-1,0,0,0,1,4,0,0,5,6,30,4,0,0,4,3,2,0,1,28,1]
[0,0,0,0,0,0,0,0,0,7,0,0,0,0,0,7,0,0,7,0,0,0,0,0,0,0,0,0,0,2,0,0,0,0,0,0,0,0,0,0,0,0,0,0,0,0,0,0,0,0,0,4,4,0,0,0,0,0,8,0,0,0,0,4,0,0,0,0,0,0,0,0,0,9,0,0,0,0,0,0,0,0,0,0,0,0,0,0,0,0,0,0,0,0,0,0,0,0,0,0,0,2,0,0,-1,0,1,0,0,0,6,0,0,37,1,0,0,0,0,0,0,0,0,0]
[0,0,0,3,2,0,0,0,0,0,0,4,0,6,2,0,0,0,0,0,2,0,2,9,0,4,0,1,0,0,0,0,0,0,4,0,0,0,5,0,0,0,0,0,0,7,4,7,0,0,2,0,7,0,6,0,0,1,1,9,1,0,10,9,0,0,0,2,0,0,0,0,0,0,0,1,0,1,0,20,1,0,1,3,0,0,0,15,0,2,0,7,16,0,2,0,0,0,10,1,1,0,1,0,0,-1,4,0,0,0,0,1,0,4,1,2,0,0,11,0,0,0,2,0]
[2,1,0,1,5,1,2,1,5,4,0,11,2,3,1,0,2,0,0,0,0,0,1,1,0,5,2,1,0,0,1,0,1,0,3,4,0,0,8,0,0,0,0,0,2,3,13,0,3,1,0,2,4,0,3,1,2,0,4,5,1,0,1,7,1,3,2,1,1,0,2,0,0,2,0,1,3,1,4,25,1,1,1,1,0,0,0,1,0,0,2,21,7,0,1,3,2,0,11,0,0,1,3,0,1,4,-1,2,1,0,0,0,1,27,4,0,0,0,2,0,0,1,18,3]
[1,0,1,0,3,0,2,0,2,0,6,6,0,1,0,0,0,0,0,0,0,0,0,1,0,3,1,2,0,0,0,0,0,0,0,0,1,0,1,1,0,0,0,0,0,1,8,0,0,0,2,1,0,0,2,1,0,1,2,0,0,0,0,3,0,1,0,0,7,0,0,0,0,1,0,1,1,0,1,2,0,0,0,1,0,0,0,1,0,1,1,31,3,0,1,0,0,0,2,0,0,0,0,1,0,0,2,-1,9,0,0,1,0,2,2,1,0,0,0,0,0,0,6,0]
[0,0,1,0,3,0,4,0,1,0,5,18,1,1,0,0,0,0,0,0,0,0,0,0,0,7,5,4,0,0,0,0,0,1,0,6,2,0,2,0,0,0,0,0,0,5,13,0,1,0,5,3,0,0,1,0,0,1,7,1,0,1,0,4,0,0,0,0,13,0,0,0,0,0,0,0,3,0,7,2,0,0,0,1,0,0,0,0,0,0,3,41,1,0,1,0,0,0,0,0,0,0,0,4,0,0,1,9,-1,0,0,2,4,2,1,2,0,0,0,1,0,1,8,1]
[2,31,0,0,0,0,1,2,0,0,0,0,0,0,0,0,0,0,0,0,0,0,0,0,0,1,0,0,0,0,9,0,9,0,1,0,0,0,1,0,0,0,0,0,0,0,30,0,4,0,0,0,0,0,0,1,0,0,2,0,0,0,0,1,0,0,0,0,0,0,0,0,0,0,0,0,7,0,0,0,0,0,0,0,12,0,5,0,0,0,0,3,0,0,0,3,1,0,0,0,0,0,0,0,0,0,0,0,0,-1,0,0,0,8,2,0,0,0,0,0,0,0,1,0]
[0,0,0,1,0,0,0,0,0,6,0,0,0,0,0,7,0,0,4,0,0,0,0,0,0,0,0,0,0,1,0,0,0,0,0,0,0,0,0,0,0,0,0,0,0,0,0,0,0,0,0,2,1,0,0,0,0,0,3,0,0,0,0,5,0,0,0,0,0,0,0,0,0,7,0,0,0,0,0,0,0,0,0,0,0,0,0,0,0,0,0,0,0,0,0,0,0,0,0,0,0,0,0,0,6,0,0,0,0,0,-1,0,0,19,1,0,0,0,0,0,0,0,0,0]
[0,0,0,0,12,0,0,0,2,0,0,0,0,7,0,0,0,0,0,0,0,0,0,0,0,1,0,0,0,0,0,0,0,0,0,1,0,0,5,2,0,0,0,0,0,10,8,1,0,0,1,0,0,0,2,0,0,1,6,3,0,0,1,1,0,0,0,0,2,0,0,0,0,0,0,1,0,10,0,5,0,0,0,0,0,0,0,5,0,0,2,9,5,0,1,0,0,0,3,0,1,0,0,5,0,1,0,1,2,0,0,-1,0,9,0,0,0,0,0,0,0,0,4,0]
[1,0,0,3,2,2,0,0,2,2,16,47,2,0,1,0,0,0,0,0,0,0,0,0,0,2,16,3,0,0,0,0,0,0,1,0,0,0,4,2,1,1,0,0,0,2,2,1,0,0,0,0,4,0,4,0,0,4,4,5,2,7,1,2,1,1,10,2,2,0,3,0,0,2,0,0,0,0,0,10,0,0,2,2,0,0,0,2,0,0,2,14,3,0,1,0,0,0,7,0,0,1,0,6,0,0,1,0,4,0,0,0,-1,3,4,1,0,1,1,0,0,2,9,0]
[9,19,0,13,2,2,19,7,5,135,3,8,36,25,0,15,18,0,16,0,0,0,6,4,0,21,1,0,0,3,2,0,1,0,1,0,0,0,61,2,0,0,0,0,0,15,24,4,34,0,0,8,32,0,5,10,0,1,67,3,0,0,1,69,4,0,16,8,2,0,23,0,0,27,48,0,39,5,0,1,2,0,5,0,1,0,0,6,0,3,2,11,15,5,2,0,1,1,1,0,0,12,0,30,37,4,27,2,2,8,19,9,3,-1,30,15,0,19,4,0,0,3,40,28]
[5,5,0,5,4,0,5,4,2,11,5,22,3,3,0,1,1,0,1,0,0,0,0,0,0,4,0,0,0,0,4,0,0,0,1,2,0,0,4,0,0,0,0,0,0,1,45,1,4,0,2,0,1,0,1,2,0,0,19,4,1,1,1,4,1,0,11,3,0,0,3,0,0,4,4,0,7,0,1,4,1,0,0,1,0,0,0,1,0,1,4,3,5,0,1,0,1,0,2,0,0,0,0,4,1,1,4,2,1,2,1,0,4,30,-1,1,0,3,2,0,0,0,9,1]
[0,1,0,1,3,0,0,0,1,1,1,5,2,1,1,0,0,0,0,0,2,0,1,1,0,5,4,2,0,1,0,0,0,0,0,0,0,0,2,0,0,0,0,0,0,1,1,2,0,0,0,2,5,0,1,2,0,1,4,0,0,3,0,20,0,0,1,0,0,0,0,0,0,0,0,0,2,0,0,12,0,0,1,4,0,0,0,1,0,2,2,10,5,0,4,0,0,0,2,1,0,4,1,0,0,2,0,1,2,0,0,0,1,15,1,-1,0,0,1,0,0,0,2,0]
[0,0,0,0,1,0,0,0,0,0,0,0,0,0,0,0,0,1,0,6,35,3,15,0,9,0,0,0,0,0,0,1,0,0,0,0,0,5,0,0,0,0,4,2,0,0,1,0,0,1,0,0,0,19,0,0,0,0,0,0,0,0,0,0,0,0,0,0,0,3,0,2,2,0,0,0,2,0,0,0,0,0,0,0,0,1,0,1,0,0,0,0,0,1,0,0,0,0,1,0,0,0,17,0,0,0,0,0,0,0,0,0,0,0,0,0,-1,0,1,0,12,0,0,0]
[0,0,0,6,0,1,0,0,0,33,0,19,2,0,0,0,0,0,0,0,0,0,0,0,0,0,1,0,0,0,0,0,0,0,0,0,0,0,1,0,0,0,0,0,0,0,3,0,0,0,0,0,0,0,0,0,0,0,1,1,0,1,0,0,0,0,14,0,0,0,1,0,0,1,7,0,0,0,0,0,0,0,1,0,0,0,0,0,0,0,0,0,3,0,0,0,0,0,0,0,0,0,0,4,0,0,0,0,0,0,0,0,1,19,3,0,0,-1,0,0,0,0,0,0]
[1,0,3,2,10,9,0,0,2,0,0,18,2,19,1,0,0,0,0,8,0,0,2,5,0,25,0,0,0,0,0,0,0,1,1,0,0,0,2,0,1,1,0,0,1,21,3,3,0,0,0,0,4,1,4,6,4,1,4,37,3,1,5,5,0,0,4,1,4,0,0,0,0,0,0,1,3,0,0,107,3,0,9,26,0,0,0,23,1,0,0,2,29,2,1,0,0,1,22,14,1,0,4,3,0,11,2,0,0,0,0,0,1,4,2,1,1,0,-1,1,1,0,9,0]
[0,0,2,0,13,1,0,0,0,0,0,2,0,2,0,0,0,0,0,0,0,0,0,0,0,4,0,0,0,0,0,0,0,3,0,0,2,0,1,0,1,1,0,0,0,1,2,0,0,0,6,0,0,0,1,0,1,0,0,1,2,0,0,1,0,0,0,0,2,0,0,0,0,0,0,2,0,0,2,15,0,0,0,2,0,0,0,2,1,0,2,3,2,0,0,0,0,0,6,2,1,0,0,2,0,0,0,0,1,0,0,0,0,0,0,0,0,0,1,-1,0,0,4,0]
[0,0,0,2,0,0,0,0,0,0,0,0,0,1,1,0,0,2,0,20,116,10,52,10,16,2,0,0,0,0,0,2,0,0,2,0,0,25,0,0,0,0,8,2,0,0,1,1,0,10,0,0,0,36,6,0,0,3,3,0,0,0,0,1,0,1,0,0,0,22,0,0,0,1,0,0,9,0,0,5,0,0,0,0,0,3,0,2,7,0,0,0,1,1,1,0,0,0,0,1,0,0,57,0,0,0,0,0,0,0,0,0,0,0,0,0,12,0,1,0,-1,0,0,0]
[0,0,0,0,1,0,0,0,1,0,3,10,2,0,0,0,0,0,0,0,0,0,0,0,0,0,2,1,0,1,0,0,0,0,1,0,0,0,2,1,2,1,0,0,0,1,0,1,0,0,0,0,1,0,1,0,1,0,2,0,1,1,3,5,5,0,0,1,0,0,0,0,0,0,0,1,0,0,0,1,0,0,0,2,0,0,0,2,0,0,1,6,1,0,2,0,0,0,4,0,0,1,0,1,0,0,1,0,1,0,0,0,2,3,0,0,0,0,0,0,0,-1,4,1]
[10,5,5,2,49,3,11,2,14,4,5,55,8,9,3,0,1,0,0,0,0,0,1,3,0,35,5,5,1,3,2,0,1,4,3,17,4,0,7,6,4,3,0,0,3,18,63,5,8,0,12,5,1,0,15,8,8,7,10,12,1,2,10,13,4,4,5,3,28,0,2,0,0,3,0,9,12,1,13,84,2,2,1,12,8,0,1,5,1,0,12,88,35,2,4,6,2,1,34,5,1,3,0,28,0,2,18,6,8,1,0,4,9,40,9,2,0,0,9,4,0,4,-1,7]
[0,0,0,0,6,0,13,0,0,1,0,2,1,0,0,0,0,0,0,0,0,0,0,0,0,2,0,0,0,0,2,0,0,0,0,1,0,0,0,0,2,0,0,0,0,0,8,0,13,0,1,0,0,0,0,0,0,0,4,0,0,0,0,1,1,0,0,0,4,0,0,0,0,0,0,0,6,0,0,1,0,0,0,0,0,0,0,0,0,1,1,10,3,0,0,0,0,0,1,0,0,0,0,1,0,0,3,0,1,0,0,0,0,28,1,0,0,0,0,0,0,1,7,-1]
